1006
4
16
9
18
25
10
5
1
20
13
11
8
13
17
16
24
14
33
12
11
3
3
13
2
11
28
1
16
8
3
37
13
14
3
18
13
19
13
12
18
9
13
17
19
3
19
12
16
14
23
8
9
1
5
16
8
9
16
9
17
16
17
2
6
14
1
20
11
5
35
1
11
5
5
7
1
11
16
16
19
16
32
15
10
13
28
2
11
12
15
15
10
2
19
15
19
3
20
9
21
16
2
17
18
18
19
16
11
5
14
11
4
10
16
12
5
12
27
6
12
3
12
16
16
1
13
8
5
17
5
17
5
8
16
5
12
28
18
11
21
1
2
21
2
1
12
8
20
14
12
9
4
17
5
15
3
12
16
1
13
17
14
11
3
14
2
5
5
15
10
28
10
17
28
15
19
21
2
17
21
11
16
5
5
13
1
8
13
1
20
12
2
18
18
21
17
19
19
6
11
12
17
12
2
13
14
12
15
17
17
15
11
8
4
4
6
9
11
13
12
15
11
11
10
13
14
9
4
7
15
2
10
12
6
6
9
5
6
3
16
11
19
15
11
6
4
8
11
16
6
12
2
27
17
13
9
13
3
3
12
11
5
9
17
18
14
19
4
19
27
18
15
23
15
24
28
1
9
27
20
2
21
16
7
17
8
8
13
9
25
31
1
3
9
5
18
3
10
15
15
14
17
14
3
5
22
18
9
13
16
17
1
10
16
14
7
12
26
14
10
3
11
11
14
8
5
2
6
20
9
8
12
24
11
16
3
9
9
9
21
16
14
8
12
16
17
15
13
23
3
18
26
17
12
2
15
4
18
18
20
1
7
11
22
8
9
19
17
16
10
18
12
9
13
8
13
4
11
8
14
4
17
5
19
7
21
6
19
20
21
19
9
16
7
2
16
7
4
7
22
12
13
6
11
9
4
17
17
14
29
12
15
13
21
13
23
13
18
9
15
5
27
14
25
11
16
16
2
20
18
18
11
7
5
6
5
10
6
26
17
11
12
12
6
9
6
11
16
13
2
18
1
13
16
9
8
11
2
7
17
2
9
12
8
21
17
13
8
1
19
11
6
10
28
13
11
8
2
6
19
10
5
12
18
29
9
19
42
10
14
14
19
23
7
18
16
2
13
11
4
8
13
29
8
7
11
18
15
14
2
1
1
4
6
15
7
12
21
21
4
10
11
15
27
19
11
2
10
4
5
8
7
12
8
16
24
11
8
8
2
19
15
12
18
9
8
5
16
9
7
8
18
3
16
14
16
14
4
11
3
17
10
2
11
5
4
5
20
14
30
11
9
17
13
22
12
15
4
12
18
11
15
15
4
17
6
33
1
3
9
6
6
14
24
17
14
23
13
4
17
15
9
13
10
20
2
9
14
4
7
7
3
18
17
7
7
7
29
22
11
10
1
9
9
10
9
6
12
22
9
4
8
6
4
5
6
1
19
13
9
13
17
16
12
10
1
29
13
17
25
17
14
6
36
13
3
1
16
11
15
1
11
21
3
18
19
5
4
14
9
22
19
1
7
12
18
13
17
7
7
3
3
16
18
11
14
15
12
16
24
13
26
2
19
7
18
23
16
15
4
3
11
11
12
32
11
2
22
4
7
3
2
23
13
13
7
1
1
16
36
14
14
11
12
20
13
13
28
20
24
6
12
4
10
12
8
18
5
23
6
13
10
28
35
6
8
1
29
12
19
19
21
14
8
5
2
10
11
4
9
7
25
2
8
40
7
7
12
20
16
12
17
9
4
3
6
4
14
29
29
5
15
12
16
11
24
4
6
7
19
26
4
5
2
16
22
5
20
6
8
8
27
16
14
17
29
6
23
9
22
12
25
1
5
17
7
9
1
16
14
4
20
26
9
3
5
15
9
14
9
12
11
23
14
4
7
33
13
4
21
11
16
16
5
7
17
11
27
13
9
1
17
16
1
11
19
11
16
13
1
13
14
5
20
16
21
23
21
14
16
3
3
5
30
8
14
2
23
11
11
17
16
19
6
11
16
3
4
8
18
4
2
15
1
1
5
5
10
14
3
22
9
4
9
12
5
12
4
8
14
5
8
2
15
26
19
18
16
13
24
3
9
4
8
29
15
24
4
5
23
10
5
15
17
12
8
16
20
10
7
3
8
25
12
9
8
4
7
9
10
30
6
6
12
24
5
6
4
3
17
1
16
17
11
8
5
18
9
4
6
1
29
25
9
22
5
3
15
2
13
4
4
18
1
15
11
21
16
10
21
4
18
25
9
22
22
19
7
4
16
2
8
2
6
3
2
