40
117.074  45.1033  615.699  413.304
543.071  528.985  322.596  432.897
410.652  354.856  577.781  114.882
390.078  443.503  571.392  188.994
489.208  114.08  644.371  380.408
189.785  40.5219  616.15  411.6
777.494  205.086  499.821  129.369
188.422  477.178  427.568  255.089
528.354  408.596  535.104  332.622
536.326  450.209  79.9548  187.655
75.4475  186.103  104.162  273.391
711.412  247.116  162.088  253.249
360.775  159.134  247.603  349.843
358.985  158.703  247.603  349.843
194.196  345.403  212.251  336.271
440.81  321.272  617.589  232.59
170.646  42.5146  679.459  394.295
173.38  171.292  390.33  279.849
285.076  288.566  223.345  355.112
710.046  232.275  598.358  404.23
337.842  93.7876  218.432  355.183
291.424  316.028  389.408  206.642
294.567  280.473  228.973  314.805
228.585  335.145  256.208  139.79
218.258  343.396  223.789  96.309
494.373  264.199  65.1847  281.194
499.406  263.615  254.761  334.132
511.596  298.634  236.425  310.779
48.9084  199.867  415.854  403.687
717.743  234.017  21.8774  109.268
168.125  130.326  87.2459  196.624
442.841  326.096  63.6348  136.411
322.527  340.082  264.751  361.878
232.297  328.776  459.338  417.351
285.668  296.158  118.688  115.906
707.32  225.552  600.612  404.66
394.374  219.87  381.868  432.412
620.502  450.713  403.334  102.091
503.854  350.172  548.01  73.3607
238.803  341.896  428.833  439.559
